0 0.875694 0.244271 0.145833 0.021875
0 0.889583 0.266667 0.115278 0.022917
0 0.659028 0.136458 0.248611 0.0625
0 0.765972 0.286458 0.054167 0.072917
0 0.109722 0.203646 0.125 0.067708
0 0.286111 0.155729 0.227778 0.067708
0 0.455556 0.172917 0.105556 0.033333
0 0.360417 0.2125 0.343056 0.045833
0 0.651389 0.194271 0.263889 0.055208
0 0.697917 0.221875 0.145833 0.052083
0 0.702083 0.23125 0.081944 0.039583
0 0.61875 0.271875 0.156944 0.102083
0 0.557639 0.372917 0.076389 0.110417
0 0.665278 0.383854 0.111111 0.034375
0 0.66875 0.339062 0.156944 0.046875
0 0.753472 0.3875 0.079167 0.075
0 0.130556 0.396875 0.161111 0.08125
0 0.120139 0.291146 0.056944 0.090625
0 0.329861 0.265625 0.345833 0.039583
0 0.49375 0.248958 0.076389 0.04375
0 0.175694 0.33125 0.065278 0.054167
0 0.065278 0.339583 0.044444 0.035417