0 0.565972 0.355208 0.134722 0.058333
0 0.548611 0.398438 0.066667 0.021875
0 0.476389 0.360417 0.041667 0.039583
0 0.663889 0.364583 0.058333 0.047917
0 0.641667 0.410417 0.066667 0.05
0 0.68125 0.428646 0.020833 0.048958
0 0.627778 0.440625 0.055556 0.01875
0 0.6375 0.464583 0.058333 0.025
0 0.555556 0.476562 0.1 0.036458
0 0.484722 0.396875 0.047222 0.027083
0 0.527083 0.420833 0.0625 0.020833
0 0.540278 0.444792 0.063889 0.020833
0 0.485417 0.445312 0.045833 0.040625
0 0.472222 0.480729 0.025 0.028125